[06][10][10][10][10][10][10][10][10][10][14][10][16][10][14][10][10][10][12]
[05][19][19][19][19][19][19][19][19][19][05][19][19][19][01][19][19][19][05]
[05][19][06][10][10][10][10][10][10][10][13][19][19][19][19][19][19][19][05]
[05][19][05][19][19][19][19][19][19][19][05][19][04][19][02][10][10][10][13]
[05][19][03][10][10][10][12][19][04][19][05][19][05][19][19][19][19][19][05]
[05][19][19][19][19][19][01][19][05][19][05][19][05][19][19][04][19][19][05]
[05][19][19][04][19][19][19][19][05][19][05][19][05][19][19][05][19][19][05]
[05][19][19][01][19][19][06][10][09][19][01][19][05][19][19][05][19][19][05]
[05][19][19][19][19][19][05][19][19][19][19][19][03][10][10][09][19][19][05]
[05][19][06][10][10][10][13][19][19][19][19][19][19][19][19][19][19][19][05]
[05][19][05][19][19][19][05][19][19][19][19][19][19][19][19][19][19][19][05]
[05][19][05][19][04][19][03][10][12][19][19][02][10][10][10][10][10][10][13]
[05][19][05][19][05][19][19][19][01][19][19][19][19][19][19][19][19][19][05]
[05][19][05][19][03][12][19][19][19][19][19][19][19][02][10][12][19][19][05]
[05][19][05][19][19][05][19][19][19][19][19][19][19][19][19][05][19][19][05]
[05][19][01][19][19][03][10][10][12][19][19][19][02][10][10][09][19][19][05]
[05][19][19][19][19][19][19][19][05][19][19][19][19][19][19][19][19][19][05]
[05][19][19][19][19][19][19][19][05][19][19][19][19][19][19][19][19][19][05]
[03][10][10][10][10][10][10][10][11][10][10][10][10][18][10][10][10][10][09]